g =

   0.50000
   0.50000
   0.50000
   0.50000
   0.50000
   0.50000
   0.50000
   0.50000
   0.50000
   0.50000
   0.50000
   0.50000
   0.50000
   0.50000
   0.50000
   0.50000
   0.50000
   0.50000
   0.50000
   0.50000
   0.50000
   0.50000
   0.50000
   0.50000
   0.50000
   0.50000
   0.50000
   0.50000
   0.50000
   0.50000
   0.50000
   0.50000
   0.50000
   0.50000
   0.50000
   0.50000
   0.50000
   0.50000
   0.50000
   0.50000
   0.50000
   0.50000
   0.50000
   0.50000
   0.50000
   0.50000
   0.50000
   0.50000
   0.50000
   0.50000
   0.50000
   0.50000
   0.50000
   0.50000
   0.50000
   0.50000
   0.50000
   0.50000
   0.50000
   0.50000
   0.50000
   0.50000
   0.50000
   0.50000
   0.50000
   0.50000
   0.50000
   0.50000
   0.50000
   0.50000
   0.50000
   0.50000
   0.50000
   0.50000
   0.50000
   0.50000
   0.50000
   0.50000
   0.50000
   0.50000
   0.50000
   0.50000
   0.50000
   0.50000
   0.50000
   0.50000
   0.50000
   0.50000
   0.50000
   0.50000
   0.50000
   0.50000
   0.50000
   0.50000
   0.50000
   0.50000
   0.50000
   0.50000
   0.50000
   0.50000
   0.50000
   0.50000
   0.50000
   0.50000
   0.50000
   0.50000
   0.50000
   0.50000
   0.50000
   0.50000
   0.50000
   0.50000
   0.50000
   0.50000
   0.50000
   0.50000
   0.50000
   0.50000

g =

   0.50000
   0.50000
   0.50000
   0.50000
   0.50000
   0.50000
   0.50000
   0.50000
   0.50000
   0.50000
   0.50000
   0.50000
   0.50000
   0.50000
   0.50000
   0.50000
   0.50000
   0.50000
   0.50000
   0.50000
   0.50000
   0.50000
   0.50000
   0.50000
   0.50000
   0.50000
   0.50000
   0.50000
   0.50000
   0.50000
   0.50000
   0.50000
   0.50000
   0.50000
   0.50000
   0.50000
   0.50000
   0.50000
   0.50000
   0.50000
   0.50000
   0.50000
   0.50000
   0.50000
   0.50000
   0.50000
   0.50000
   0.50000
   0.50000
   0.50000
   0.50000
   0.50000
   0.50000
   0.50000
   0.50000
   0.50000
   0.50000
   0.50000
   0.50000
   0.50000
   0.50000
   0.50000
   0.50000
   0.50000
   0.50000
   0.50000
   0.50000
   0.50000
   0.50000
   0.50000
   0.50000
   0.50000
   0.50000
   0.50000
   0.50000
   0.50000
   0.50000
   0.50000
   0.50000
   0.50000
   0.50000
   0.50000
   0.50000
   0.50000
   0.50000
   0.50000
   0.50000
   0.50000
   0.50000
   0.50000
   0.50000
   0.50000
   0.50000
   0.50000
   0.50000
   0.50000
   0.50000
   0.50000
   0.50000
   0.50000
   0.50000
   0.50000
   0.50000
   0.50000
   0.50000
   0.50000
   0.50000
   0.50000
   0.50000
   0.50000
   0.50000
   0.50000
   0.50000
   0.50000
   0.50000
   0.50000
   0.50000
   0.50000

g =

   0.48482
   0.48721
   0.48825
   0.49314
   0.49416
   0.49605
   0.49650
   0.49696
   0.49657
   0.49638
   0.49506
   0.49344
   0.48989
   0.48655
   0.48058
   0.48388
   0.48791
   0.48130
   0.48763
   0.49157
   0.49281
   0.49557
   0.49694
   0.49737
   0.49696
   0.49624
   0.49424
   0.49107
   0.49098
   0.48615
   0.47601
   0.48371
   0.48906
   0.49304
   0.49496
   0.49626
   0.49685
   0.49625
   0.49567
   0.49565
   0.49456
   0.49232
   0.48886
   0.49118
   0.48559
   0.48523
   0.47374
   0.48740
   0.47680
   0.47955
   0.48741
   0.49219
   0.49046
   0.49393
   0.49527
   0.49580
   0.49619
   0.49674
   0.46765
   0.47763
   0.48315
   0.46878
   0.46474
   0.47356
   0.46844
   0.46105
   0.47343
   0.46819
   0.47218
   0.47935
   0.47936
   0.48393
   0.48640
   0.48793
   0.49328
   0.49386
   0.49378
   0.49535
   0.49594
   0.49672
   0.49643
   0.49710
   0.49757
   0.49729
   0.49732
   0.49688
   0.49594
   0.49158
   0.48942
   0.48061
   0.48289
   0.49037
   0.48041
   0.47261
   0.47041
   0.45689
   0.44406
   0.46889
   0.44720
   0.45276
   0.46705
   0.45543
   0.49707
   0.49747
   0.49699
   0.49751
   0.49714
   0.49654
   0.49715
   0.49742
   0.49766
   0.49714
   0.49574
   0.49395
   0.49412
   0.47675
   0.46723
   0.48802

g =

   0.48482
   0.48721
   0.48825
   0.49314
   0.49416
   0.49605
   0.49650
   0.49696
   0.49657
   0.49638
   0.49506
   0.49344
   0.48989
   0.48655
   0.48058
   0.48388
   0.48791
   0.48130
   0.48763
   0.49157
   0.49281
   0.49557
   0.49694
   0.49737
   0.49696
   0.49624
   0.49424
   0.49107
   0.49098
   0.48615
   0.47601
   0.48371
   0.48906
   0.49304
   0.49496
   0.49626
   0.49685
   0.49625
   0.49567
   0.49565
   0.49456
   0.49232
   0.48886
   0.49118
   0.48559
   0.48523
   0.47374
   0.48740
   0.47680
   0.47955
   0.48741
   0.49219
   0.49046
   0.49393
   0.49527
   0.49580
   0.49619
   0.49674
   0.46765
   0.47763
   0.48315
   0.46878
   0.46474
   0.47356
   0.46844
   0.46105
   0.47343
   0.46819
   0.47218
   0.47935
   0.47936
   0.48393
   0.48640
   0.48793
   0.49328
   0.49386
   0.49378
   0.49535
   0.49594
   0.49672
   0.49643
   0.49710
   0.49757
   0.49729
   0.49732
   0.49688
   0.49594
   0.49158
   0.48942
   0.48061
   0.48289
   0.49037
   0.48041
   0.47261
   0.47041
   0.45689
   0.44406
   0.46889
   0.44720
   0.45276
   0.46705
   0.45543
   0.49707
   0.49747
   0.49699
   0.49751
   0.49714
   0.49654
   0.49715
   0.49742
   0.49766
   0.49714
   0.49574
   0.49395
   0.49412
   0.47675
   0.46723
   0.48802

g =

   0.47713
   0.48071
   0.48226
   0.48959
   0.49112
   0.49396
   0.49462
   0.49532
   0.49474
   0.49445
   0.49247
   0.49005
   0.48472
   0.47971
   0.47078
   0.47573
   0.48175
   0.47186
   0.48134
   0.48724
   0.48909
   0.49323
   0.49529
   0.49592
   0.49532
   0.49424
   0.49124
   0.48649
   0.48636
   0.47912
   0.46395
   0.47547
   0.48348
   0.48944
   0.49232
   0.49427
   0.49516
   0.49426
   0.49338
   0.49335
   0.49172
   0.48837
   0.48317
   0.48665
   0.47827
   0.47774
   0.46056
   0.48098
   0.46513
   0.46924
   0.48100
   0.48817
   0.48558
   0.49078
   0.49278
   0.49357
   0.49416
   0.49499
   0.45147
   0.46637
   0.47462
   0.45315
   0.44712
   0.46029
   0.45265
   0.44164
   0.46009
   0.45227
   0.45822
   0.46894
   0.46895
   0.47580
   0.47949
   0.48178
   0.48981
   0.49067
   0.49055
   0.49291
   0.49379
   0.49495
   0.49453
   0.49553
   0.49624
   0.49581
   0.49586
   0.49520
   0.49378
   0.48725
   0.48402
   0.47082
   0.47424
   0.48544
   0.47053
   0.45887
   0.45559
   0.43545
   0.41646
   0.45332
   0.42109
   0.42932
   0.45057
   0.43329
   0.49548
   0.49608
   0.49536
   0.49614
   0.49558
   0.49469
   0.49560
   0.49601
   0.49637
   0.49559
   0.49348
   0.49080
   0.49106
   0.46505
   0.45083
   0.48192

g =

   0.47713
   0.48071
   0.48226
   0.48959
   0.49112
   0.49396
   0.49462
   0.49532
   0.49474
   0.49445
   0.49247
   0.49005
   0.48472
   0.47971
   0.47078
   0.47573
   0.48175
   0.47186
   0.48134
   0.48724
   0.48909
   0.49323
   0.49529
   0.49592
   0.49532
   0.49424
   0.49124
   0.48649
   0.48636
   0.47912
   0.46395
   0.47547
   0.48348
   0.48944
   0.49232
   0.49427
   0.49516
   0.49426
   0.49338
   0.49335
   0.49172
   0.48837
   0.48317
   0.48665
   0.47827
   0.47774
   0.46056
   0.48098
   0.46513
   0.46924
   0.48100
   0.48817
   0.48558
   0.49078
   0.49278
   0.49357
   0.49416
   0.49499
   0.45147
   0.46637
   0.47462
   0.45315
   0.44712
   0.46029
   0.45265
   0.44164
   0.46009
   0.45227
   0.45822
   0.46894
   0.46895
   0.47580
   0.47949
   0.48178
   0.48981
   0.49067
   0.49055
   0.49291
   0.49379
   0.49495
   0.49453
   0.49553
   0.49624
   0.49581
   0.49586
   0.49520
   0.49378
   0.48725
   0.48402
   0.47082
   0.47424
   0.48544
   0.47053
   0.45887
   0.45559
   0.43545
   0.41646
   0.45332
   0.42109
   0.42932
   0.45057
   0.43329
   0.49548
   0.49608
   0.49536
   0.49614
   0.49558
   0.49469
   0.49560
   0.49601
   0.49637
   0.49559
   0.49348
   0.49080
   0.49106
   0.46505
   0.45083
   0.48192

g =

   0.47325
   0.47742
   0.47923
   0.48777
   0.48956
   0.49287
   0.49364
   0.49446
   0.49377
   0.49344
   0.49113
   0.48830
   0.48210
   0.47626
   0.46585
   0.47161
   0.47864
   0.46711
   0.47816
   0.48503
   0.48719
   0.49202
   0.49442
   0.49516
   0.49445
   0.49320
   0.48969
   0.48416
   0.48400
   0.47557
   0.45790
   0.47131
   0.48065
   0.48760
   0.49096
   0.49323
   0.49426
   0.49321
   0.49219
   0.49216
   0.49026
   0.48635
   0.48029
   0.48434
   0.47458
   0.47396
   0.45395
   0.47774
   0.45927
   0.46406
   0.47776
   0.48611
   0.48310
   0.48915
   0.49149
   0.49242
   0.49310
   0.49406
   0.44338
   0.46072
   0.47033
   0.44534
   0.43833
   0.45364
   0.44475
   0.43196
   0.45341
   0.44431
   0.45123
   0.46371
   0.46372
   0.47170
   0.47599
   0.47867
   0.48802
   0.48903
   0.48890
   0.49164
   0.49267
   0.49403
   0.49353
   0.49470
   0.49552
   0.49503
   0.49509
   0.49432
   0.49266
   0.48505
   0.48128
   0.46590
   0.46988
   0.48293
   0.46556
   0.45198
   0.44817
   0.42478
   0.40282
   0.44553
   0.40817
   0.41769
   0.44234
   0.42228
   0.49464
   0.49534
   0.49451
   0.49541
   0.49476
   0.49372
   0.49478
   0.49526
   0.49568
   0.49477
   0.49231
   0.48918
   0.48949
   0.45917
   0.44264
   0.47883

g =

   0.47325
   0.47742
   0.47923
   0.48777
   0.48956
   0.49287
   0.49364
   0.49446
   0.49377
   0.49344
   0.49113
   0.48830
   0.48210
   0.47626
   0.46585
   0.47161
   0.47864
   0.46711
   0.47816
   0.48503
   0.48719
   0.49202
   0.49442
   0.49516
   0.49445
   0.49320
   0.48969
   0.48416
   0.48400
   0.47557
   0.45790
   0.47131
   0.48065
   0.48760
   0.49096
   0.49323
   0.49426
   0.49321
   0.49219
   0.49216
   0.49026
   0.48635
   0.48029
   0.48434
   0.47458
   0.47396
   0.45395
   0.47774
   0.45927
   0.46406
   0.47776
   0.48611
   0.48310
   0.48915
   0.49149
   0.49242
   0.49310
   0.49406
   0.44338
   0.46072
   0.47033
   0.44534
   0.43833
   0.45364
   0.44475
   0.43196
   0.45341
   0.44431
   0.45123
   0.46371
   0.46372
   0.47170
   0.47599
   0.47867
   0.48802
   0.48903
   0.48890
   0.49164
   0.49267
   0.49403
   0.49353
   0.49470
   0.49552
   0.49503
   0.49509
   0.49432
   0.49266
   0.48505
   0.48128
   0.46590
   0.46988
   0.48293
   0.46556
   0.45198
   0.44817
   0.42478
   0.40282
   0.44553
   0.40817
   0.41769
   0.44234
   0.42228
   0.49464
   0.49534
   0.49451
   0.49541
   0.49476
   0.49372
   0.49478
   0.49526
   0.49568
   0.49477
   0.49231
   0.48918
   0.48949
   0.45917
   0.44264
   0.47883

g =

   0.47129
   0.47577
   0.47770
   0.48685
   0.48877
   0.49231
   0.49313
   0.49401
   0.49328
   0.49292
   0.49045
   0.48742
   0.48078
   0.47452
   0.46338
   0.46955
   0.47707
   0.46472
   0.47655
   0.48392
   0.48623
   0.49140
   0.49397
   0.49476
   0.49401
   0.49266
   0.48891
   0.48298
   0.48281
   0.47378
   0.45487
   0.46922
   0.47922
   0.48667
   0.49026
   0.49270
   0.49380
   0.49268
   0.49158
   0.49155
   0.48951
   0.48533
   0.47884
   0.48318
   0.47272
   0.47206
   0.45064
   0.47611
   0.45634
   0.46146
   0.47613
   0.48508
   0.48185
   0.48833
   0.49084
   0.49183
   0.49256
   0.49359
   0.43933
   0.45788
   0.46817
   0.44143
   0.43394
   0.45031
   0.44080
   0.42713
   0.45006
   0.44033
   0.44773
   0.46108
   0.46110
   0.46964
   0.47424
   0.47710
   0.48712
   0.48820
   0.48806
   0.49100
   0.49210
   0.49355
   0.49302
   0.49427
   0.49515
   0.49462
   0.49469
   0.49386
   0.49209
   0.48393
   0.47990
   0.46342
   0.46769
   0.48167
   0.46307
   0.44854
   0.44446
   0.41947
   0.39605
   0.44163
   0.40174
   0.41190
   0.43822
   0.41680
   0.49421
   0.49496
   0.49406
   0.49503
   0.49434
   0.49322
   0.49436
   0.49487
   0.49532
   0.49435
   0.49172
   0.48836
   0.48869
   0.45623
   0.43855
   0.47728

g =

   0.47129
   0.47577
   0.47770
   0.48685
   0.48877
   0.49231
   0.49313
   0.49401
   0.49328
   0.49292
   0.49045
   0.48742
   0.48078
   0.47452
   0.46338
   0.46955
   0.47707
   0.46472
   0.47655
   0.48392
   0.48623
   0.49140
   0.49397
   0.49476
   0.49401
   0.49266
   0.48891
   0.48298
   0.48281
   0.47378
   0.45487
   0.46922
   0.47922
   0.48667
   0.49026
   0.49270
   0.49380
   0.49268
   0.49158
   0.49155
   0.48951
   0.48533
   0.47884
   0.48318
   0.47272
   0.47206
   0.45064
   0.47611
   0.45634
   0.46146
   0.47613
   0.48508
   0.48185
   0.48833
   0.49084
   0.49183
   0.49256
   0.49359
   0.43933
   0.45788
   0.46817
   0.44143
   0.43394
   0.45031
   0.44080
   0.42713
   0.45006
   0.44033
   0.44773
   0.46108
   0.46110
   0.46964
   0.47424
   0.47710
   0.48712
   0.48820
   0.48806
   0.49100
   0.49210
   0.49355
   0.49302
   0.49427
   0.49515
   0.49462
   0.49469
   0.49386
   0.49209
   0.48393
   0.47990
   0.46342
   0.46769
   0.48167
   0.46307
   0.44854
   0.44446
   0.41947
   0.39605
   0.44163
   0.40174
   0.41190
   0.43822
   0.41680
   0.49421
   0.49496
   0.49406
   0.49503
   0.49434
   0.49322
   0.49436
   0.49487
   0.49532
   0.49435
   0.49172
   0.48836
   0.48869
   0.45623
   0.43855
   0.47728

g =

   0.47032
   0.47494
   0.47693
   0.48639
   0.48837
   0.49203
   0.49288
   0.49378
   0.49303
   0.49266
   0.49010
   0.48698
   0.48011
   0.47365
   0.46214
   0.46851
   0.47628
   0.46353
   0.47575
   0.48335
   0.48575
   0.49109
   0.49375
   0.49456
   0.49378
   0.49239
   0.48851
   0.48239
   0.48222
   0.47288
   0.45335
   0.46817
   0.47850
   0.48620
   0.48991
   0.49243
   0.49357
   0.49241
   0.49127
   0.49124
   0.48914
   0.48481
   0.47811
   0.48259
   0.47179
   0.47111
   0.44899
   0.47529
   0.45487
   0.46016
   0.47531
   0.48455
   0.48122
   0.48792
   0.49051
   0.49153
   0.49229
   0.49335
   0.43731
   0.45646
   0.46709
   0.43947
   0.43175
   0.44864
   0.43883
   0.42472
   0.44839
   0.43834
   0.44598
   0.45977
   0.45978
   0.46860
   0.47336
   0.47631
   0.48667
   0.48778
   0.48763
   0.49067
   0.49181
   0.49331
   0.49276
   0.49406
   0.49497
   0.49441
   0.49448
   0.49363
   0.49180
   0.48337
   0.47920
   0.46219
   0.46659
   0.48103
   0.46182
   0.44681
   0.44260
   0.41682
   0.39268
   0.43968
   0.39854
   0.40901
   0.43617
   0.41406
   0.49399
   0.49476
   0.49384
   0.49484
   0.49412
   0.49297
   0.49414
   0.49467
   0.49514
   0.49413
   0.49141
   0.48795
   0.48829
   0.45476
   0.43650
   0.47649

g =

   0.47032
   0.47494
   0.47693
   0.48639
   0.48837
   0.49203
   0.49288
   0.49378
   0.49303
   0.49266
   0.49010
   0.48698
   0.48011
   0.47365
   0.46214
   0.46851
   0.47628
   0.46353
   0.47575
   0.48335
   0.48575
   0.49109
   0.49375
   0.49456
   0.49378
   0.49239
   0.48851
   0.48239
   0.48222
   0.47288
   0.45335
   0.46817
   0.47850
   0.48620
   0.48991
   0.49243
   0.49357
   0.49241
   0.49127
   0.49124
   0.48914
   0.48481
   0.47811
   0.48259
   0.47179
   0.47111
   0.44899
   0.47529
   0.45487
   0.46016
   0.47531
   0.48455
   0.48122
   0.48792
   0.49051
   0.49153
   0.49229
   0.49335
   0.43731
   0.45646
   0.46709
   0.43947
   0.43175
   0.44864
   0.43883
   0.42472
   0.44839
   0.43834
   0.44598
   0.45977
   0.45978
   0.46860
   0.47336
   0.47631
   0.48667
   0.48778
   0.48763
   0.49067
   0.49181
   0.49331
   0.49276
   0.49406
   0.49497
   0.49441
   0.49448
   0.49363
   0.49180
   0.48337
   0.47920
   0.46219
   0.46659
   0.48103
   0.46182
   0.44681
   0.44260
   0.41682
   0.39268
   0.43968
   0.39854
   0.40901
   0.43617
   0.41406
   0.49399
   0.49476
   0.49384
   0.49484
   0.49412
   0.49297
   0.49414
   0.49467
   0.49514
   0.49413
   0.49141
   0.48795
   0.48829
   0.45476
   0.43650
   0.47649

g =

   0.46983
   0.47452
   0.47655
   0.48616
   0.48816
   0.49188
   0.49275
   0.49367
   0.49290
   0.49253
   0.48993
   0.48675
   0.47978
   0.47321
   0.46152
   0.46799
   0.47588
   0.46293
   0.47534
   0.48307
   0.48550
   0.49093
   0.49363
   0.49446
   0.49367
   0.49226
   0.48831
   0.48209
   0.48192
   0.47244
   0.45259
   0.46765
   0.47814
   0.48596
   0.48974
   0.49230
   0.49345
   0.49227
   0.49112
   0.49109
   0.48895
   0.48455
   0.47774
   0.48230
   0.47133
   0.47063
   0.44816
   0.47488
   0.45413
   0.45951
   0.47490
   0.48429
   0.48090
   0.48771
   0.49034
   0.49138
   0.49215
   0.49323
   0.43630
   0.45575
   0.46654
   0.43850
   0.43065
   0.44781
   0.43784
   0.42352
   0.44755
   0.43735
   0.44511
   0.45911
   0.45913
   0.46809
   0.47291
   0.47592
   0.48644
   0.48757
   0.48742
   0.49051
   0.49166
   0.49319
   0.49263
   0.49395
   0.49487
   0.49431
   0.49438
   0.49351
   0.49165
   0.48309
   0.47885
   0.46157
   0.46604
   0.48071
   0.46119
   0.44595
   0.44167
   0.41549
   0.39099
   0.43871
   0.39694
   0.40756
   0.43514
   0.41269
   0.49388
   0.49467
   0.49373
   0.49474
   0.49401
   0.49284
   0.49403
   0.49457
   0.49504
   0.49402
   0.49126
   0.48774
   0.48808
   0.45402
   0.43548
   0.47610

g =

   0.46983
   0.47452
   0.47655
   0.48616
   0.48816
   0.49188
   0.49275
   0.49367
   0.49290
   0.49253
   0.48993
   0.48675
   0.47978
   0.47321
   0.46152
   0.46799
   0.47588
   0.46293
   0.47534
   0.48307
   0.48550
   0.49093
   0.49363
   0.49446
   0.49367
   0.49226
   0.48831
   0.48209
   0.48192
   0.47244
   0.45259
   0.46765
   0.47814
   0.48596
   0.48974
   0.49230
   0.49345
   0.49227
   0.49112
   0.49109
   0.48895
   0.48455
   0.47774
   0.48230
   0.47133
   0.47063
   0.44816
   0.47488
   0.45413
   0.45951
   0.47490
   0.48429
   0.48090
   0.48771
   0.49034
   0.49138
   0.49215
   0.49323
   0.43630
   0.45575
   0.46654
   0.43850
   0.43065
   0.44781
   0.43784
   0.42352
   0.44755
   0.43735
   0.44511
   0.45911
   0.45913
   0.46809
   0.47291
   0.47592
   0.48644
   0.48757
   0.48742
   0.49051
   0.49166
   0.49319
   0.49263
   0.49395
   0.49487
   0.49431
   0.49438
   0.49351
   0.49165
   0.48309
   0.47885
   0.46157
   0.46604
   0.48071
   0.46119
   0.44595
   0.44167
   0.41549
   0.39099
   0.43871
   0.39694
   0.40756
   0.43514
   0.41269
   0.49388
   0.49467
   0.49373
   0.49474
   0.49401
   0.49284
   0.49403
   0.49457
   0.49504
   0.49402
   0.49126
   0.48774
   0.48808
   0.45402
   0.43548
   0.47610

g =

   0.46958
   0.47431
   0.47635
   0.48604
   0.48806
   0.49181
   0.49268
   0.49361
   0.49284
   0.49246
   0.48984
   0.48664
   0.47961
   0.47299
   0.46121
   0.46773
   0.47569
   0.46263
   0.47514
   0.48293
   0.48538
   0.49085
   0.49357
   0.49441
   0.49361
   0.49219
   0.48821
   0.48194
   0.48177
   0.47221
   0.45221
   0.46739
   0.47796
   0.48584
   0.48965
   0.49223
   0.49339
   0.49220
   0.49104
   0.49101
   0.48885
   0.48442
   0.47756
   0.48215
   0.47109
   0.47039
   0.44775
   0.47467
   0.45377
   0.45918
   0.47469
   0.48416
   0.48074
   0.48760
   0.49026
   0.49130
   0.49208
   0.49317
   0.43580
   0.45540
   0.46627
   0.43801
   0.43010
   0.44739
   0.43735
   0.42292
   0.44713
   0.43685
   0.44467
   0.45878
   0.45880
   0.46783
   0.47269
   0.47572
   0.48632
   0.48746
   0.48731
   0.49042
   0.49159
   0.49312
   0.49256
   0.49389
   0.49482
   0.49426
   0.49433
   0.49346
   0.49158
   0.48295
   0.47868
   0.46126
   0.46576
   0.48055
   0.46088
   0.44552
   0.44121
   0.41483
   0.39015
   0.43822
   0.39615
   0.40684
   0.43462
   0.41201
   0.49383
   0.49462
   0.49367
   0.49469
   0.49396
   0.49278
   0.49398
   0.49452
   0.49500
   0.49397
   0.49118
   0.48764
   0.48798
   0.45365
   0.43497
   0.47591

g =

   0.46958
   0.47431
   0.47635
   0.48604
   0.48806
   0.49181
   0.49268
   0.49361
   0.49284
   0.49246
   0.48984
   0.48664
   0.47961
   0.47299
   0.46121
   0.46773
   0.47569
   0.46263
   0.47514
   0.48293
   0.48538
   0.49085
   0.49357
   0.49441
   0.49361
   0.49219
   0.48821
   0.48194
   0.48177
   0.47221
   0.45221
   0.46739
   0.47796
   0.48584
   0.48965
   0.49223
   0.49339
   0.49220
   0.49104
   0.49101
   0.48885
   0.48442
   0.47756
   0.48215
   0.47109
   0.47039
   0.44775
   0.47467
   0.45377
   0.45918
   0.47469
   0.48416
   0.48074
   0.48760
   0.49026
   0.49130
   0.49208
   0.49317
   0.43580
   0.45540
   0.46627
   0.43801
   0.43010
   0.44739
   0.43735
   0.42292
   0.44713
   0.43685
   0.44467
   0.45878
   0.45880
   0.46783
   0.47269
   0.47572
   0.48632
   0.48746
   0.48731
   0.49042
   0.49159
   0.49312
   0.49256
   0.49389
   0.49482
   0.49426
   0.49433
   0.49346
   0.49158
   0.48295
   0.47868
   0.46126
   0.46576
   0.48055
   0.46088
   0.44552
   0.44121
   0.41483
   0.39015
   0.43822
   0.39615
   0.40684
   0.43462
   0.41201
   0.49383
   0.49462
   0.49367
   0.49469
   0.49396
   0.49278
   0.49398
   0.49452
   0.49500
   0.49397
   0.49118
   0.48764
   0.48798
   0.45365
   0.43497
   0.47591

g =

   0.46946
   0.47421
   0.47626
   0.48598
   0.48801
   0.49178
   0.49265
   0.49358
   0.49281
   0.49243
   0.48980
   0.48658
   0.47953
   0.47288
   0.46105
   0.46760
   0.47559
   0.46248
   0.47504
   0.48286
   0.48532
   0.49081
   0.49354
   0.49438
   0.49358
   0.49215
   0.48816
   0.48187
   0.48169
   0.47210
   0.45202
   0.46726
   0.47787
   0.48579
   0.48960
   0.49219
   0.49336
   0.49217
   0.49100
   0.49097
   0.48881
   0.48436
   0.47747
   0.48208
   0.47098
   0.47027
   0.44754
   0.47457
   0.45358
   0.45902
   0.47459
   0.48409
   0.48066
   0.48755
   0.49021
   0.49126
   0.49204
   0.49314
   0.43554
   0.45522
   0.46614
   0.43776
   0.42983
   0.44718
   0.43710
   0.42261
   0.44692
   0.43660
   0.44445
   0.45862
   0.45863
   0.46770
   0.47258
   0.47562
   0.48627
   0.48741
   0.48726
   0.49038
   0.49155
   0.49309
   0.49253
   0.49386
   0.49480
   0.49423
   0.49430
   0.49343
   0.49154
   0.48288
   0.47859
   0.46110
   0.46563
   0.48047
   0.46072
   0.44531
   0.44098
   0.41450
   0.38973
   0.43798
   0.39575
   0.40648
   0.43437
   0.41167
   0.49380
   0.49459
   0.49364
   0.49467
   0.49393
   0.49275
   0.49395
   0.49450
   0.49497
   0.49394
   0.49115
   0.48758
   0.48793
   0.45347
   0.43471
   0.47581

g =

   0.46946
   0.47421
   0.47626
   0.48598
   0.48801
   0.49178
   0.49265
   0.49358
   0.49281
   0.49243
   0.48980
   0.48658
   0.47953
   0.47288
   0.46105
   0.46760
   0.47559
   0.46248
   0.47504
   0.48286
   0.48532
   0.49081
   0.49354
   0.49438
   0.49358
   0.49215
   0.48816
   0.48187
   0.48169
   0.47210
   0.45202
   0.46726
   0.47787
   0.48579
   0.48960
   0.49219
   0.49336
   0.49217
   0.49100
   0.49097
   0.48881
   0.48436
   0.47747
   0.48208
   0.47098
   0.47027
   0.44754
   0.47457
   0.45358
   0.45902
   0.47459
   0.48409
   0.48066
   0.48755
   0.49021
   0.49126
   0.49204
   0.49314
   0.43554
   0.45522
   0.46614
   0.43776
   0.42983
   0.44718
   0.43710
   0.42261
   0.44692
   0.43660
   0.44445
   0.45862
   0.45863
   0.46770
   0.47258
   0.47562
   0.48627
   0.48741
   0.48726
   0.49038
   0.49155
   0.49309
   0.49253
   0.49386
   0.49480
   0.49423
   0.49430
   0.49343
   0.49154
   0.48288
   0.47859
   0.46110
   0.46563
   0.48047
   0.46072
   0.44531
   0.44098
   0.41450
   0.38973
   0.43798
   0.39575
   0.40648
   0.43437
   0.41167
   0.49380
   0.49459
   0.49364
   0.49467
   0.49393
   0.49275
   0.49395
   0.49450
   0.49497
   0.49394
   0.49115
   0.48758
   0.48793
   0.45347
   0.43471
   0.47581

g =

   0.46940
   0.47415
   0.47621
   0.48595
   0.48799
   0.49176
   0.49264
   0.49357
   0.49279
   0.49241
   0.48978
   0.48656
   0.47948
   0.47283
   0.46098
   0.46754
   0.47554
   0.46241
   0.47499
   0.48282
   0.48529
   0.49079
   0.49353
   0.49437
   0.49356
   0.49214
   0.48814
   0.48183
   0.48165
   0.47204
   0.45193
   0.46719
   0.47783
   0.48576
   0.48958
   0.49218
   0.49335
   0.49215
   0.49098
   0.49095
   0.48878
   0.48433
   0.47742
   0.48204
   0.47092
   0.47021
   0.44744
   0.47452
   0.45349
   0.45894
   0.47454
   0.48406
   0.48062
   0.48753
   0.49019
   0.49125
   0.49203
   0.49312
   0.43542
   0.45513
   0.46607
   0.43764
   0.42969
   0.44708
   0.43698
   0.42246
   0.44682
   0.43648
   0.44434
   0.45853
   0.45855
   0.46763
   0.47253
   0.47557
   0.48624
   0.48738
   0.48723
   0.49036
   0.49153
   0.49308
   0.49251
   0.49385
   0.49479
   0.49422
   0.49429
   0.49341
   0.49152
   0.48284
   0.47855
   0.46102
   0.46556
   0.48043
   0.46065
   0.44520
   0.44086
   0.41433
   0.38952
   0.43786
   0.39555
   0.40630
   0.43424
   0.41150
   0.49378
   0.49458
   0.49363
   0.49466
   0.49392
   0.49273
   0.49394
   0.49449
   0.49496
   0.49393
   0.49113
   0.48756
   0.48790
   0.45338
   0.43458
   0.47576

g =

   0.46940
   0.47415
   0.47621
   0.48595
   0.48799
   0.49176
   0.49264
   0.49357
   0.49279
   0.49241
   0.48978
   0.48656
   0.47948
   0.47283
   0.46098
   0.46754
   0.47554
   0.46241
   0.47499
   0.48282
   0.48529
   0.49079
   0.49353
   0.49437
   0.49356
   0.49214
   0.48814
   0.48183
   0.48165
   0.47204
   0.45193
   0.46719
   0.47783
   0.48576
   0.48958
   0.49218
   0.49335
   0.49215
   0.49098
   0.49095
   0.48878
   0.48433
   0.47742
   0.48204
   0.47092
   0.47021
   0.44744
   0.47452
   0.45349
   0.45894
   0.47454
   0.48406
   0.48062
   0.48753
   0.49019
   0.49125
   0.49203
   0.49312
   0.43542
   0.45513
   0.46607
   0.43764
   0.42969
   0.44708
   0.43698
   0.42246
   0.44682
   0.43648
   0.44434
   0.45853
   0.45855
   0.46763
   0.47253
   0.47557
   0.48624
   0.48738
   0.48723
   0.49036
   0.49153
   0.49308
   0.49251
   0.49385
   0.49479
   0.49422
   0.49429
   0.49341
   0.49152
   0.48284
   0.47855
   0.46102
   0.46556
   0.48043
   0.46065
   0.44520
   0.44086
   0.41433
   0.38952
   0.43786
   0.39555
   0.40630
   0.43424
   0.41150
   0.49378
   0.49458
   0.49363
   0.49466
   0.49392
   0.49273
   0.49394
   0.49449
   0.49496
   0.49393
   0.49113
   0.48756
   0.48790
   0.45338
   0.43458
   0.47576

g =

   0.46937
   0.47413
   0.47619
   0.48594
   0.48797
   0.49175
   0.49263
   0.49356
   0.49278
   0.49240
   0.48976
   0.48654
   0.47946
   0.47280
   0.46094
   0.46750
   0.47551
   0.46237
   0.47496
   0.48281
   0.48527
   0.49078
   0.49352
   0.49437
   0.49356
   0.49213
   0.48813
   0.48181
   0.48163
   0.47201
   0.45188
   0.46716
   0.47781
   0.48574
   0.48957
   0.49217
   0.49334
   0.49214
   0.49097
   0.49094
   0.48877
   0.48431
   0.47740
   0.48202
   0.47089
   0.47018
   0.44738
   0.47449
   0.45344
   0.45890
   0.47451
   0.48404
   0.48060
   0.48751
   0.49018
   0.49124
   0.49202
   0.49311
   0.43535
   0.45509
   0.46604
   0.43758
   0.42962
   0.44702
   0.43692
   0.42239
   0.44676
   0.43642
   0.44428
   0.45849
   0.45851
   0.46760
   0.47250
   0.47555
   0.48622
   0.48737
   0.48722
   0.49035
   0.49153
   0.49307
   0.49250
   0.49384
   0.49478
   0.49421
   0.49428
   0.49340
   0.49151
   0.48283
   0.47853
   0.46099
   0.46552
   0.48041
   0.46061
   0.44514
   0.44080
   0.41425
   0.38942
   0.43780
   0.39545
   0.40621
   0.43417
   0.41141
   0.49378
   0.49457
   0.49362
   0.49465
   0.49391
   0.49272
   0.49393
   0.49448
   0.49496
   0.49392
   0.49112
   0.48754
   0.48789
   0.45333
   0.43452
   0.47573

g =

   0.46937
   0.47413
   0.47619
   0.48594
   0.48797
   0.49175
   0.49263
   0.49356
   0.49278
   0.49240
   0.48976
   0.48654
   0.47946
   0.47280
   0.46094
   0.46750
   0.47551
   0.46237
   0.47496
   0.48281
   0.48527
   0.49078
   0.49352
   0.49437
   0.49356
   0.49213
   0.48813
   0.48181
   0.48163
   0.47201
   0.45188
   0.46716
   0.47781
   0.48574
   0.48957
   0.49217
   0.49334
   0.49214
   0.49097
   0.49094
   0.48877
   0.48431
   0.47740
   0.48202
   0.47089
   0.47018
   0.44738
   0.47449
   0.45344
   0.45890
   0.47451
   0.48404
   0.48060
   0.48751
   0.49018
   0.49124
   0.49202
   0.49311
   0.43535
   0.45509
   0.46604
   0.43758
   0.42962
   0.44702
   0.43692
   0.42239
   0.44676
   0.43642
   0.44428
   0.45849
   0.45851
   0.46760
   0.47250
   0.47555
   0.48622
   0.48737
   0.48722
   0.49035
   0.49153
   0.49307
   0.49250
   0.49384
   0.49478
   0.49421
   0.49428
   0.49340
   0.49151
   0.48283
   0.47853
   0.46099
   0.46552
   0.48041
   0.46061
   0.44514
   0.44080
   0.41425
   0.38942
   0.43780
   0.39545
   0.40621
   0.43417
   0.41141
   0.49378
   0.49457
   0.49362
   0.49465
   0.49391
   0.49272
   0.49393
   0.49448
   0.49496
   0.49392
   0.49112
   0.48754
   0.48789
   0.45333
   0.43452
   0.47573

g =

   0.46935
   0.47412
   0.47617
   0.48593
   0.48797
   0.49174
   0.49262
   0.49356
   0.49278
   0.49240
   0.48976
   0.48654
   0.47945
   0.47279
   0.46092
   0.46749
   0.47550
   0.46235
   0.47495
   0.48280
   0.48527
   0.49078
   0.49352
   0.49436
   0.49355
   0.49212
   0.48812
   0.48180
   0.48163
   0.47200
   0.45186
   0.46714
   0.47780
   0.48573
   0.48956
   0.49216
   0.49334
   0.49214
   0.49097
   0.49094
   0.48876
   0.48430
   0.47739
   0.48201
   0.47087
   0.47017
   0.44736
   0.47448
   0.45342
   0.45888
   0.47450
   0.48404
   0.48059
   0.48751
   0.49018
   0.49123
   0.49201
   0.49311
   0.43532
   0.45506
   0.46602
   0.43755
   0.42959
   0.44700
   0.43688
   0.42235
   0.44674
   0.43638
   0.44426
   0.45847
   0.45849
   0.46758
   0.47249
   0.47554
   0.48622
   0.48736
   0.48721
   0.49035
   0.49152
   0.49307
   0.49250
   0.49384
   0.49478
   0.49421
   0.49428
   0.49340
   0.49151
   0.48282
   0.47852
   0.46097
   0.46551
   0.48040
   0.46059
   0.44512
   0.44077
   0.41421
   0.38936
   0.43777
   0.39540
   0.40617
   0.43414
   0.41137
   0.49377
   0.49457
   0.49361
   0.49465
   0.49391
   0.49272
   0.49393
   0.49448
   0.49495
   0.49392
   0.49111
   0.48754
   0.48789
   0.45331
   0.43449
   0.47572

g =

   0.46935
   0.47412
   0.47617
   0.48593
   0.48797
   0.49174
   0.49262
   0.49356
   0.49278
   0.49240
   0.48976
   0.48654
   0.47945
   0.47279
   0.46092
   0.46749
   0.47550
   0.46235
   0.47495
   0.48280
   0.48527
   0.49078
   0.49352
   0.49436
   0.49355
   0.49212
   0.48812
   0.48180
   0.48163
   0.47200
   0.45186
   0.46714
   0.47780
   0.48573
   0.48956
   0.49216
   0.49334
   0.49214
   0.49097
   0.49094
   0.48876
   0.48430
   0.47739
   0.48201
   0.47087
   0.47017
   0.44736
   0.47448
   0.45342
   0.45888
   0.47450
   0.48404
   0.48059
   0.48751
   0.49018
   0.49123
   0.49201
   0.49311
   0.43532
   0.45506
   0.46602
   0.43755
   0.42959
   0.44700
   0.43688
   0.42235
   0.44674
   0.43638
   0.44426
   0.45847
   0.45849
   0.46758
   0.47249
   0.47554
   0.48622
   0.48736
   0.48721
   0.49035
   0.49152
   0.49307
   0.49250
   0.49384
   0.49478
   0.49421
   0.49428
   0.49340
   0.49151
   0.48282
   0.47852
   0.46097
   0.46551
   0.48040
   0.46059
   0.44512
   0.44077
   0.41421
   0.38936
   0.43777
   0.39540
   0.40617
   0.43414
   0.41137
   0.49377
   0.49457
   0.49361
   0.49465
   0.49391
   0.49272
   0.49393
   0.49448
   0.49495
   0.49392
   0.49111
   0.48754
   0.48789
   0.45331
   0.43449
   0.47572

g =

   0.46934
   0.47411
   0.47617
   0.48593
   0.48797
   0.49174
   0.49262
   0.49356
   0.49278
   0.49239
   0.48976
   0.48653
   0.47945
   0.47278
   0.46091
   0.46748
   0.47549
   0.46234
   0.47495
   0.48279
   0.48526
   0.49078
   0.49352
   0.49436
   0.49355
   0.49212
   0.48812
   0.48180
   0.48162
   0.47199
   0.45185
   0.46713
   0.47779
   0.48573
   0.48956
   0.49216
   0.49334
   0.49214
   0.49097
   0.49093
   0.48876
   0.48430
   0.47738
   0.48201
   0.47087
   0.47016
   0.44735
   0.47447
   0.45341
   0.45887
   0.47449
   0.48403
   0.48059
   0.48750
   0.49017
   0.49123
   0.49201
   0.49311
   0.43531
   0.45505
   0.46601
   0.43754
   0.42957
   0.44698
   0.43687
   0.42233
   0.44672
   0.43637
   0.44424
   0.45846
   0.45848
   0.46758
   0.47248
   0.47553
   0.48621
   0.48736
   0.48721
   0.49034
   0.49152
   0.49306
   0.49250
   0.49384
   0.49478
   0.49421
   0.49428
   0.49340
   0.49150
   0.48281
   0.47851
   0.46096
   0.46550
   0.48040
   0.46058
   0.44510
   0.44076
   0.41419
   0.38934
   0.43775
   0.39537
   0.40615
   0.43413
   0.41135
   0.49377
   0.49457
   0.49361
   0.49465
   0.49390
   0.49272
   0.49393
   0.49448
   0.49495
   0.49391
   0.49111
   0.48753
   0.48788
   0.45330
   0.43447
   0.47572

g =

   0.46934
   0.47411
   0.47617
   0.48593
   0.48797
   0.49174
   0.49262
   0.49356
   0.49278
   0.49239
   0.48976
   0.48653
   0.47945
   0.47278
   0.46091
   0.46748
   0.47549
   0.46234
   0.47495
   0.48279
   0.48526
   0.49078
   0.49352
   0.49436
   0.49355
   0.49212
   0.48812
   0.48180
   0.48162
   0.47199
   0.45185
   0.46713
   0.47779
   0.48573
   0.48956
   0.49216
   0.49334
   0.49214
   0.49097
   0.49093
   0.48876
   0.48430
   0.47738
   0.48201
   0.47087
   0.47016
   0.44735
   0.47447
   0.45341
   0.45887
   0.47449
   0.48403
   0.48059
   0.48750
   0.49017
   0.49123
   0.49201
   0.49311
   0.43531
   0.45505
   0.46601
   0.43754
   0.42957
   0.44698
   0.43687
   0.42233
   0.44672
   0.43637
   0.44424
   0.45846
   0.45848
   0.46758
   0.47248
   0.47553
   0.48621
   0.48736
   0.48721
   0.49034
   0.49152
   0.49306
   0.49250
   0.49384
   0.49478
   0.49421
   0.49428
   0.49340
   0.49150
   0.48281
   0.47851
   0.46096
   0.46550
   0.48040
   0.46058
   0.44510
   0.44076
   0.41419
   0.38934
   0.43775
   0.39537
   0.40615
   0.43413
   0.41135
   0.49377
   0.49457
   0.49361
   0.49465
   0.49390
   0.49272
   0.49393
   0.49448
   0.49495
   0.49391
   0.49111
   0.48753
   0.48788
   0.45330
   0.43447
   0.47572

g =

   0.46934
   0.47411
   0.47616
   0.48592
   0.48796
   0.49174
   0.49262
   0.49355
   0.49278
   0.49239
   0.48975
   0.48653
   0.47945
   0.47278
   0.46090
   0.46747
   0.47549
   0.46234
   0.47494
   0.48279
   0.48526
   0.49078
   0.49352
   0.49436
   0.49355
   0.49212
   0.48812
   0.48180
   0.48162
   0.47199
   0.45184
   0.46713
   0.47779
   0.48573
   0.48956
   0.49216
   0.49333
   0.49214
   0.49096
   0.49093
   0.48876
   0.48430
   0.47738
   0.48201
   0.47086
   0.47015
   0.44734
   0.47447
   0.45340
   0.45886
   0.47449
   0.48403
   0.48059
   0.48750
   0.49017
   0.49123
   0.49201
   0.49311
   0.43530
   0.45505
   0.46601
   0.43753
   0.42956
   0.44698
   0.43686
   0.42232
   0.44672
   0.43636
   0.44424
   0.45846
   0.45847
   0.46757
   0.47248
   0.47553
   0.48621
   0.48736
   0.48721
   0.49034
   0.49152
   0.49306
   0.49250
   0.49384
   0.49478
   0.49421
   0.49428
   0.49340
   0.49150
   0.48281
   0.47851
   0.46095
   0.46549
   0.48040
   0.46057
   0.44510
   0.44075
   0.41418
   0.38932
   0.43774
   0.39536
   0.40613
   0.43412
   0.41134
   0.49377
   0.49457
   0.49361
   0.49465
   0.49390
   0.49272
   0.49393
   0.49447
   0.49495
   0.49391
   0.49111
   0.48753
   0.48788
   0.45329
   0.43446
   0.47571

g =

   0.46934
   0.47411
   0.47616
   0.48592
   0.48796
   0.49174
   0.49262
   0.49355
   0.49278
   0.49239
   0.48975
   0.48653
   0.47945
   0.47278
   0.46090
   0.46747
   0.47549
   0.46234
   0.47494
   0.48279
   0.48526
   0.49078
   0.49352
   0.49436
   0.49355
   0.49212
   0.48812
   0.48180
   0.48162
   0.47199
   0.45184
   0.46713
   0.47779
   0.48573
   0.48956
   0.49216
   0.49333
   0.49214
   0.49096
   0.49093
   0.48876
   0.48430
   0.47738
   0.48201
   0.47086
   0.47015
   0.44734
   0.47447
   0.45340
   0.45886
   0.47449
   0.48403
   0.48059
   0.48750
   0.49017
   0.49123
   0.49201
   0.49311
   0.43530
   0.45505
   0.46601
   0.43753
   0.42956
   0.44698
   0.43686
   0.42232
   0.44672
   0.43636
   0.44424
   0.45846
   0.45847
   0.46757
   0.47248
   0.47553
   0.48621
   0.48736
   0.48721
   0.49034
   0.49152
   0.49306
   0.49250
   0.49384
   0.49478
   0.49421
   0.49428
   0.49340
   0.49150
   0.48281
   0.47851
   0.46095
   0.46549
   0.48040
   0.46057
   0.44510
   0.44075
   0.41418
   0.38932
   0.43774
   0.39536
   0.40613
   0.43412
   0.41134
   0.49377
   0.49457
   0.49361
   0.49465
   0.49390
   0.49272
   0.49393
   0.49447
   0.49495
   0.49391
   0.49111
   0.48753
   0.48788
   0.45329
   0.43446
   0.47571

g =

   0.46934
   0.47410
   0.47616
   0.48592
   0.48796
   0.49174
   0.49262
   0.49355
   0.49277
   0.49239
   0.48975
   0.48653
   0.47944
   0.47278
   0.46090
   0.46747
   0.47549
   0.46233
   0.47494
   0.48279
   0.48526
   0.49078
   0.49352
   0.49436
   0.49355
   0.49212
   0.48811
   0.48179
   0.48162
   0.47199
   0.45184
   0.46713
   0.47779
   0.48573
   0.48956
   0.49216
   0.49333
   0.49214
   0.49096
   0.49093
   0.48876
   0.48430
   0.47738
   0.48201
   0.47086
   0.47015
   0.44734
   0.47447
   0.45340
   0.45886
   0.47449
   0.48403
   0.48059
   0.48750
   0.49017
   0.49123
   0.49201
   0.49311
   0.43530
   0.45504
   0.46600
   0.43752
   0.42956
   0.44697
   0.43686
   0.42232
   0.44671
   0.43636
   0.44423
   0.45846
   0.45847
   0.46757
   0.47247
   0.47552
   0.48621
   0.48736
   0.48721
   0.49034
   0.49152
   0.49306
   0.49249
   0.49384
   0.49478
   0.49421
   0.49428
   0.49340
   0.49150
   0.48281
   0.47851
   0.46095
   0.46549
   0.48039
   0.46057
   0.44509
   0.44075
   0.41417
   0.38932
   0.43774
   0.39535
   0.40613
   0.43411
   0.41133
   0.49377
   0.49457
   0.49361
   0.49465
   0.49390
   0.49271
   0.49393
   0.49447
   0.49495
   0.49391
   0.49111
   0.48753
   0.48788
   0.45329
   0.43446
   0.47571

g =

   0.46934
   0.47410
   0.47616
   0.48592
   0.48796
   0.49174
   0.49262
   0.49355
   0.49277
   0.49239
   0.48975
   0.48653
   0.47944
   0.47278
   0.46090
   0.46747
   0.47549
   0.46233
   0.47494
   0.48279
   0.48526
   0.49078
   0.49352
   0.49436
   0.49355
   0.49212
   0.48811
   0.48179
   0.48162
   0.47199
   0.45184
   0.46713
   0.47779
   0.48573
   0.48956
   0.49216
   0.49333
   0.49214
   0.49096
   0.49093
   0.48876
   0.48430
   0.47738
   0.48201
   0.47086
   0.47015
   0.44734
   0.47447
   0.45340
   0.45886
   0.47449
   0.48403
   0.48059
   0.48750
   0.49017
   0.49123
   0.49201
   0.49311
   0.43530
   0.45504
   0.46600
   0.43752
   0.42956
   0.44697
   0.43686
   0.42232
   0.44671
   0.43636
   0.44423
   0.45846
   0.45847
   0.46757
   0.47247
   0.47552
   0.48621
   0.48736
   0.48721
   0.49034
   0.49152
   0.49306
   0.49249
   0.49384
   0.49478
   0.49421
   0.49428
   0.49340
   0.49150
   0.48281
   0.47851
   0.46095
   0.46549
   0.48039
   0.46057
   0.44509
   0.44075
   0.41417
   0.38932
   0.43774
   0.39535
   0.40613
   0.43411
   0.41133
   0.49377
   0.49457
   0.49361
   0.49465
   0.49390
   0.49271
   0.49393
   0.49447
   0.49495
   0.49391
   0.49111
   0.48753
   0.48788
   0.45329
   0.43446
   0.47571

g =

   0.46934
   0.47410
   0.47616
   0.48592
   0.48796
   0.49174
   0.49262
   0.49355
   0.49277
   0.49239
   0.48975
   0.48653
   0.47944
   0.47278
   0.46090
   0.46747
   0.47549
   0.46233
   0.47494
   0.48279
   0.48526
   0.49078
   0.49352
   0.49436
   0.49355
   0.49212
   0.48811
   0.48179
   0.48162
   0.47199
   0.45183
   0.46712
   0.47779
   0.48573
   0.48956
   0.49216
   0.49333
   0.49214
   0.49096
   0.49093
   0.48876
   0.48430
   0.47738
   0.48201
   0.47086
   0.47015
   0.44733
   0.47447
   0.45340
   0.45886
   0.47449
   0.48403
   0.48058
   0.48750
   0.49017
   0.49123
   0.49201
   0.49311
   0.43529
   0.45504
   0.46600
   0.43752
   0.42955
   0.44697
   0.43686
   0.42232
   0.44671
   0.43635
   0.44423
   0.45845
   0.45847
   0.46757
   0.47247
   0.47552
   0.48621
   0.48736
   0.48721
   0.49034
   0.49152
   0.49306
   0.49249
   0.49383
   0.49478
   0.49420
   0.49428
   0.49340
   0.49150
   0.48281
   0.47851
   0.46095
   0.46549
   0.48039
   0.46057
   0.44509
   0.44075
   0.41417
   0.38931
   0.43774
   0.39535
   0.40613
   0.43411
   0.41133
   0.49377
   0.49457
   0.49361
   0.49465
   0.49390
   0.49271
   0.49393
   0.49447
   0.49495
   0.49391
   0.49111
   0.48753
   0.48788
   0.45329
   0.43446
   0.47571

g =

   0.46934
   0.47410
   0.47616
   0.48592
   0.48796
   0.49174
   0.49262
   0.49355
   0.49277
   0.49239
   0.48975
   0.48653
   0.47944
   0.47278
   0.46090
   0.46747
   0.47549
   0.46233
   0.47494
   0.48279
   0.48526
   0.49078
   0.49352
   0.49436
   0.49355
   0.49212
   0.48811
   0.48179
   0.48162
   0.47199
   0.45183
   0.46712
   0.47779
   0.48573
   0.48956
   0.49216
   0.49333
   0.49214
   0.49096
   0.49093
   0.48876
   0.48430
   0.47738
   0.48201
   0.47086
   0.47015
   0.44733
   0.47447
   0.45340
   0.45886
   0.47449
   0.48403
   0.48058
   0.48750
   0.49017
   0.49123
   0.49201
   0.49311
   0.43529
   0.45504
   0.46600
   0.43752
   0.42955
   0.44697
   0.43686
   0.42232
   0.44671
   0.43635
   0.44423
   0.45845
   0.45847
   0.46757
   0.47247
   0.47552
   0.48621
   0.48736
   0.48721
   0.49034
   0.49152
   0.49306
   0.49249
   0.49383
   0.49478
   0.49420
   0.49428
   0.49340
   0.49150
   0.48281
   0.47851
   0.46095
   0.46549
   0.48039
   0.46057
   0.44509
   0.44075
   0.41417
   0.38931
   0.43774
   0.39535
   0.40613
   0.43411
   0.41133
   0.49377
   0.49457
   0.49361
   0.49465
   0.49390
   0.49271
   0.49393
   0.49447
   0.49495
   0.49391
   0.49111
   0.48753
   0.48788
   0.45329
   0.43446
   0.47571

g =

   0.46934
   0.47410
   0.47616
   0.48592
   0.48796
   0.49174
   0.49262
   0.49355
   0.49277
   0.49239
   0.48975
   0.48653
   0.47944
   0.47277
   0.46090
   0.46747
   0.47549
   0.46233
   0.47494
   0.48279
   0.48526
   0.49078
   0.49352
   0.49436
   0.49355
   0.49212
   0.48811
   0.48179
   0.48162
   0.47199
   0.45183
   0.46712
   0.47778
   0.48573
   0.48956
   0.49216
   0.49333
   0.49214
   0.49096
   0.49093
   0.48876
   0.48430
   0.47738
   0.48200
   0.47086
   0.47015
   0.44733
   0.47447
   0.45340
   0.45886
   0.47449
   0.48403
   0.48058
   0.48750
   0.49017
   0.49123
   0.49201
   0.49311
   0.43529
   0.45504
   0.46600
   0.43752
   0.42955
   0.44697
   0.43685
   0.42231
   0.44671
   0.43635
   0.44423
   0.45845
   0.45847
   0.46757
   0.47247
   0.47552
   0.48621
   0.48736
   0.48721
   0.49034
   0.49152
   0.49306
   0.49249
   0.49383
   0.49478
   0.49420
   0.49428
   0.49340
   0.49150
   0.48281
   0.47851
   0.46095
   0.46549
   0.48039
   0.46057
   0.44509
   0.44075
   0.41417
   0.38931
   0.43774
   0.39535
   0.40612
   0.43411
   0.41133
   0.49377
   0.49457
   0.49361
   0.49465
   0.49390
   0.49271
   0.49393
   0.49447
   0.49495
   0.49391
   0.49111
   0.48753
   0.48788
   0.45328
   0.43446
   0.47571

g =

   0.46934
   0.47410
   0.47616
   0.48592
   0.48796
   0.49174
   0.49262
   0.49355
   0.49277
   0.49239
   0.48975
   0.48653
   0.47944
   0.47277
   0.46090
   0.46747
   0.47549
   0.46233
   0.47494
   0.48279
   0.48526
   0.49078
   0.49352
   0.49436
   0.49355
   0.49212
   0.48811
   0.48179
   0.48162
   0.47199
   0.45183
   0.46712
   0.47778
   0.48573
   0.48956
   0.49216
   0.49333
   0.49214
   0.49096
   0.49093
   0.48876
   0.48430
   0.47738
   0.48200
   0.47086
   0.47015
   0.44733
   0.47447
   0.45340
   0.45886
   0.47449
   0.48403
   0.48058
   0.48750
   0.49017
   0.49123
   0.49201
   0.49311
   0.43529
   0.45504
   0.46600
   0.43752
   0.42955
   0.44697
   0.43685
   0.42231
   0.44671
   0.43635
   0.44423
   0.45845
   0.45847
   0.46757
   0.47247
   0.47552
   0.48621
   0.48736
   0.48721
   0.49034
   0.49152
   0.49306
   0.49249
   0.49383
   0.49478
   0.49420
   0.49428
   0.49340
   0.49150
   0.48281
   0.47851
   0.46095
   0.46549
   0.48039
   0.46057
   0.44509
   0.44075
   0.41417
   0.38931
   0.43774
   0.39535
   0.40612
   0.43411
   0.41133
   0.49377
   0.49457
   0.49361
   0.49465
   0.49390
   0.49271
   0.49393
   0.49447
   0.49495
   0.49391
   0.49111
   0.48753
   0.48788
   0.45328
   0.43446
   0.47571

g =

   0.46933
   0.47410
   0.47616
   0.48592
   0.48796
   0.49174
   0.49262
   0.49355
   0.49277
   0.49239
   0.48975
   0.48653
   0.47944
   0.47277
   0.46090
   0.46747
   0.47549
   0.46233
   0.47494
   0.48279
   0.48526
   0.49078
   0.49352
   0.49436
   0.49355
   0.49212
   0.48811
   0.48179
   0.48162
   0.47199
   0.45183
   0.46712
   0.47778
   0.48573
   0.48956
   0.49216
   0.49333
   0.49214
   0.49096
   0.49093
   0.48876
   0.48430
   0.47738
   0.48200
   0.47086
   0.47015
   0.44733
   0.47446
   0.45340
   0.45886
   0.47449
   0.48403
   0.48058
   0.48750
   0.49017
   0.49123
   0.49201
   0.49311
   0.43529
   0.45504
   0.46600
   0.43752
   0.42955
   0.44697
   0.43685
   0.42231
   0.44671
   0.43635
   0.44423
   0.45845
   0.45847
   0.46757
   0.47247
   0.47552
   0.48621
   0.48736
   0.48721
   0.49034
   0.49152
   0.49306
   0.49249
   0.49383
   0.49478
   0.49420
   0.49428
   0.49340
   0.49150
   0.48281
   0.47851
   0.46095
   0.46549
   0.48039
   0.46057
   0.44509
   0.44075
   0.41417
   0.38931
   0.43774
   0.39535
   0.40612
   0.43411
   0.41133
   0.49377
   0.49457
   0.49361
   0.49465
   0.49390
   0.49271
   0.49393
   0.49447
   0.49495
   0.49391
   0.49111
   0.48753
   0.48788
   0.45328
   0.43445
   0.47571

g =

   0.46933
   0.47410
   0.47616
   0.48592
   0.48796
   0.49174
   0.49262
   0.49355
   0.49277
   0.49239
   0.48975
   0.48653
   0.47944
   0.47277
   0.46090
   0.46747
   0.47549
   0.46233
   0.47494
   0.48279
   0.48526
   0.49078
   0.49352
   0.49436
   0.49355
   0.49212
   0.48811
   0.48179
   0.48162
   0.47199
   0.45183
   0.46712
   0.47778
   0.48573
   0.48956
   0.49216
   0.49333
   0.49214
   0.49096
   0.49093
   0.48876
   0.48430
   0.47738
   0.48200
   0.47086
   0.47015
   0.44733
   0.47446
   0.45340
   0.45886
   0.47449
   0.48403
   0.48058
   0.48750
   0.49017
   0.49123
   0.49201
   0.49311
   0.43529
   0.45504
   0.46600
   0.43752
   0.42955
   0.44697
   0.43685
   0.42231
   0.44671
   0.43635
   0.44423
   0.45845
   0.45847
   0.46757
   0.47247
   0.47552
   0.48621
   0.48736
   0.48721
   0.49034
   0.49152
   0.49306
   0.49249
   0.49383
   0.49478
   0.49420
   0.49428
   0.49340
   0.49150
   0.48281
   0.47851
   0.46095
   0.46549
   0.48039
   0.46057
   0.44509
   0.44075
   0.41417
   0.38931
   0.43774
   0.39535
   0.40612
   0.43411
   0.41133
   0.49377
   0.49457
   0.49361
   0.49465
   0.49390
   0.49271
   0.49393
   0.49447
   0.49495
   0.49391
   0.49111
   0.48753
   0.48788
   0.45328
   0.43445
   0.47571

Train Accuracy: 50.847458
